Liczba znakow: 23
Szyfrogram:
5825666668619164588254554329085990703881569015925406141634002591341704057408006634598698724430845785496785441814387808338525371969463905860779187508049227816057751018433956377774354389829571644450319251866653621926719444972873511899946355933181172499166516432304711134947679699647773863784689013862127397866970413743056092357027157952869316639555424926456880540097815071963499031781703398152308370912617023946972795507838221379710300934831799181052201595642048483617962877881700273149639980229559615406735125393157084616961630559905263309046216820697944121988582080443316661498491857471238640847831357194600883169254
21864062682731451826189584938810917656493593165239272890416529035021162617973894124237952164248350275420886098323410138750346117287774862980690515591626708374024801048239443231902678067051478884115559549486356844951240384638892156011768230083665792731831724407548011486323664193178274861430649243851186404223953297656001164523572642754534415196739048273143209561900111047274457289604000817948051099709339200197475344747840623522645152025658670444365611635050866468722002782581697306520718417007475760805720701707911287579098122238953468860995306771983182379164010891712585308257077690447171848348576285822497804260611
1641642825081637025198416695910133015193418207853943306413115895530860696918930311249931617348762642997003501219142203508451305407836937585486503985858251739590916221151243186449886943270250222342305656022673057998430277600231450275164722820647346576250636482660697666778182044584890845198342506574403873329617436856574816686947630006255705959380370623613271144782599355305077538581077493072608917142278653726626102333211081768992843825347084309584008445150828531503078672146421227611544236061971546380765607888889674146899961315346967503307854853106669695140786607608411916453343365732786895415553189450206108426632
14935782079971303483068444997223821372198852943750077595071662609766872722534768083681959159112344046865661250265491409228578525448549873682133310274552535052403733280987737610328921337913930261205742307653440264567974344098122221556361161821991984386416585570848188930097316471084266787150130954085676285204349471832633451025493886418073087034732878090013260284280454898134400877172998491579545759399605928127209450600629470524877123585733839511568424165915668672304168693026080201256028706399764043751078343734565226827928250935436556854287210988630115283731313355318301658512438639404997276978814488040856660626074
5336247574563400757340593791987070600738570901969846340684399981932165101588641260500571697703553667749445869633689264399439855853713964527737374100970018289113004947174271130568129251835801107356741087624260679233440392650390276547623049352520924450849006088090260981239671932389029207522651077784132771353114214666208489056150283734724922167017031338528028910108806696991659957009867165100859635561852095182334867680764766436651332171762089709760395585651977466066247008086392075786396778859006977300144904287398917765492155265017263672789997762283130356186985691819729233664394339708210610011463891833764504898856
18237465283526563680167655959200316380462091718408226429376678945252651427047630433291971168297512106273349500068088004019421937070980661554222786566183363380595589706687531932845520430243237924021599890790783830025122678928029257781054479663665311179023591030717654652545935720452478038070773609214332885563270647735319448890084886597697530322717639702945686198177286665613375352299301214521989202581428620712330039580052828565422475044979203152777842760214046184146955323266007853541341513812623054372795673309223990924830525235704191844524027402191096972229204242604139087407382752805510992734557090136634909525778
2696025030248119366898776941383888932131158507745866561583500269195144958004217736806895627691186370778172694891335903576859900981885339430483580768184245351466712053751422291769053340508630338308710558521779656125878347023106005436011318424027256941698117125095564801099481123197856311112466242115036699553411195275411171132398398670376374649646857826926032491951701718158980538019067647112282499136801967577470540434230945403864685561124157820815767741274104471280091356595261077944066359357318550045220030028963303856258675245362888202240127191989633128139178502978465542526086864993469236414628865443222287604731
1641642825081637025198416695910133015193418207853943306413115895530860696918930311249931617348762642997003501219142203508451305407836937585486503985858251739590916221151243186449886943270250222342305656022673057998430277600231450275164722820647346576250636482660697666778182044584890845198342506574403873329617436856574816686947630006255705959380370623613271144782599355305077538581077493072608917142278653726626102333211081768992843825347084309584008445150828531503078672146421227611544236061971546380765607888889674146899961315346967503307854853106669695140786607608411916453343365732786895415553189450206108426632
21864062682731451826189584938810917656493593165239272890416529035021162617973894124237952164248350275420886098323410138750346117287774862980690515591626708374024801048239443231902678067051478884115559549486356844951240384638892156011768230083665792731831724407548011486323664193178274861430649243851186404223953297656001164523572642754534415196739048273143209561900111047274457289604000817948051099709339200197475344747840623522645152025658670444365611635050866468722002782581697306520718417007475760805720701707911287579098122238953468860995306771983182379164010891712585308257077690447171848348576285822497804260611
24994841067866633802070771854041481691949550221706692837960201077942564222320548856273028047636052958091564802548744077748145093557547179053515498491570197960414257868479590255077814125546906674025819470039423326807256562842902465616451089546938857048055259436519539027447299744978871939294888491915684746416384203109894830010753460287432829668790295231539773787114999394421115533784339134659861764706165005513892434167460069712581403479411746060691815198293548906276571380100803718545674336523360550321403985128889794004109658959686111723936337271238637559221950153934266149875963352454380482393496049166203542434830
11839636001379812523344692968178627064307936316299987265861680814079592910518253024680868346729109981783280094811578291664111893607660571048300637344367905894036332657859786725647095399291909052380511334049204707137787554224456402320058102236791489870591902807150626604225209262567890512111331504778424357626690619771334800045447201749071600296457909293640783258231689539097062454809398723524488709347754761729178499227642554395326953727061127630326638138990308678673098025637692341272173046002672194903083348701158283265636759526786472925395483434472746665086685683695561171936759972774624846392657482771174237449783
4855149173944002432622511912433718126910158271766530714550805537620663495498016616550920576483201273204113816749384434065275132746432399552417260625078728785639462753233197155168510454053816068012757908246362210684173738232481671119886122597802188045556208582889166419179512835543533115804840243768391029147237543524265813002510678494265211887208007583558216350861085684199571424124974406006047335897577517125332660858039018308446470942640108695473849928896510303152605940661775975639769629079638009609574035236799606083182832769115875379537107586213605533130012401042843071719910517441059322869160961375872932601131
14935782079971303483068444997223821372198852943750077595071662609766872722534768083681959159112344046865661250265491409228578525448549873682133310274552535052403733280987737610328921337913930261205742307653440264567974344098122221556361161821991984386416585570848188930097316471084266787150130954085676285204349471832633451025493886418073087034732878090013260284280454898134400877172998491579545759399605928127209450600629470524877123585733839511568424165915668672304168693026080201256028706399764043751078343734565226827928250935436556854287210988630115283731313355318301658512438639404997276978814488040856660626074
5336247574563400757340593791987070600738570901969846340684399981932165101588641260500571697703553667749445869633689264399439855853713964527737374100970018289113004947174271130568129251835801107356741087624260679233440392650390276547623049352520924450849006088090260981239671932389029207522651077784132771353114214666208489056150283734724922167017031338528028910108806696991659957009867165100859635561852095182334867680764766436651332171762089709760395585651977466066247008086392075786396778859006977300144904287398917765492155265017263672789997762283130356186985691819729233664394339708210610011463891833764504898856
18237465283526563680167655959200316380462091718408226429376678945252651427047630433291971168297512106273349500068088004019421937070980661554222786566183363380595589706687531932845520430243237924021599890790783830025122678928029257781054479663665311179023591030717654652545935720452478038070773609214332885563270647735319448890084886597697530322717639702945686198177286665613375352299301214521989202581428620712330039580052828565422475044979203152777842760214046184146955323266007853541341513812623054372795673309223990924830525235704191844524027402191096972229204242604139087407382752805510992734557090136634909525778
2696025030248119366898776941383888932131158507745866561583500269195144958004217736806895627691186370778172694891335903576859900981885339430483580768184245351466712053751422291769053340508630338308710558521779656125878347023106005436011318424027256941698117125095564801099481123197856311112466242115036699553411195275411171132398398670376374649646857826926032491951701718158980538019067647112282499136801967577470540434230945403864685561124157820815767741274104471280091356595261077944066359357318550045220030028963303856258675245362888202240127191989633128139178502978465542526086864993469236414628865443222287604731
15863047234481471069458583868018662004275037942220562292037626933488109557118777817890258039175444664728476591780883769606079222476899424585736471979617694493244411039552120253856403162525422347755572456135676646795632379878858508512419561945559758193732197669540714354804486482832212977088219401463690887859971876443773485600326170981317550574179974181155264960032022888355775876821149332504357799626914954571600791699782295759136308867679150145071031687504884888213587943911585901949075397044505330283403379841833861332458501654417269307090116804517059594624122019590745206085432056937625004236048619617918766522738
24994841067866633802070771854041481691949550221706692837960201077942564222320548856273028047636052958091564802548744077748145093557547179053515498491570197960414257868479590255077814125546906674025819470039423326807256562842902465616451089546938857048055259436519539027447299744978871939294888491915684746416384203109894830010753460287432829668790295231539773787114999394421115533784339134659861764706165005513892434167460069712581403479411746060691815198293548906276571380100803718545674336523360550321403985128889794004109658959686111723936337271238637559221950153934266149875963352454380482393496049166203542434830
21864062682731451826189584938810917656493593165239272890416529035021162617973894124237952164248350275420886098323410138750346117287774862980690515591626708374024801048239443231902678067051478884115559549486356844951240384638892156011768230083665792731831724407548011486323664193178274861430649243851186404223953297656001164523572642754534415196739048273143209561900111047274457289604000817948051099709339200197475344747840623522645152025658670444365611635050866468722002782581697306520718417007475760805720701707911287579098122238953468860995306771983182379164010891712585308257077690447171848348576285822497804260611
1848028628382791381038942165971867792483207512032153680759359286177868552829936589062618156157835999389268993376408984572454906724299762084698084050679598102734340930062520927938082589679756067633574708282478892021078278516110064981139540507124905744271014225949215745178416551613797313464462500963430018665756945119413045465681024238657059595502766119182459178657500531433012158539174487932148155386198190327576641916269731528442094970540554514206710300565681817115720795860616854321079705509070841851769744792209805059452280756555503882294575163100552738535067527508779383842190065594213688324224940609946487011267
11839636001379812523344692968178627064307936316299987265861680814079592910518253024680868346729109981783280094811578291664111893607660571048300637344367905894036332657859786725647095399291909052380511334049204707137787554224456402320058102236791489870591902807150626604225209262567890512111331504778424357626690619771334800045447201749071600296457909293640783258231689539097062454809398723524488709347754761729178499227642554395326953727061127630326638138990308678673098025637692341272173046002672194903083348701158283265636759526786472925395483434472746665086685683695561171936759972774624846392657482771174237449783
14935782079971303483068444997223821372198852943750077595071662609766872722534768083681959159112344046865661250265491409228578525448549873682133310274552535052403733280987737610328921337913930261205742307653440264567974344098122221556361161821991984386416585570848188930097316471084266787150130954085676285204349471832633451025493886418073087034732878090013260284280454898134400877172998491579545759399605928127209450600629470524877123585733839511568424165915668672304168693026080201256028706399764043751078343734565226827928250935436556854287210988630115283731313355318301658512438639404997276978814488040856660626074
5336247574563400757340593791987070600738570901969846340684399981932165101588641260500571697703553667749445869633689264399439855853713964527737374100970018289113004947174271130568129251835801107356741087624260679233440392650390276547623049352520924450849006088090260981239671932389029207522651077784132771353114214666208489056150283734724922167017031338528028910108806696991659957009867165100859635561852095182334867680764766436651332171762089709760395585651977466066247008086392075786396778859006977300144904287398917765492155265017263672789997762283130356186985691819729233664394339708210610011463891833764504898856
